ASV_ID	bac.2C	bac.2C.Gen4	bac.B1	bac.B2	bac.B3	bac.BHI01A	bac.BHI01B	bac.BHI01C	bac.BHI05A	bac.BHI05B	bac.BHI05C	bac.BHI05LB05	bac.LB01A	bac.LB01B	bac.LB01C	bac.LB05A	bac.LB05B	bac.LB05C	RNA.BHI05A	RNA.BHI05B	RNA.BHI05C	RNA.BHI05LB05	RNA.LB05A	RNA.LB05B	RNA.LB05C
sq1	11562	2543	34705	26077	20509	41897	44322	56623	65523	92870	42221	133100	25180	20103	10775	49924	27544	44434	51339	29144	89453	107601	27942	23521	29677
sq2	27652	1819	27924	15614	15783	6969	1031	11966	15805	4796	466	57944	20523	5528	10666	1292	2901	8167	28724	2499	1471	66092	16750	11695	20199
sq3	80	173	35	7	6774	492	4785	2942	3134	11429	6977	586	857	1505	445	2936	4369	5647	9884	6583	31266	1555	9372	5102	3713
sq4	10	17	7	3	2	135	408	89	105	274	120	305	73	211	46	169	19	13	5	2	12	7	4	0	0
sq5	16	19	11	2	2	113	449	80	109	210	102	296	59	58	77	140	23	13	6	2	5	6	3	7	6
sq6	91	35	156	81	9	4	41	35	3	18	6	2	56	142	179	0	0	5	4	89	3	3	264	114	76
sq7	7	19	3	3	1	89	293	55	83	165	91	213	27	34	54	156	10	20	5	10	16	14	10	4	11
sq8	10	4	13	28	15	30	54	50	54	85	30	108	17	14	6	45	14	49	33	19	83	100	29	19	29
sq9	9	4	2	5	2	53	161	32	26	60	35	120	20	57	22	74	16	3	2	0	14	7	3	1	6
sq10	2	4	1	1	0	52	172	49	30	78	38	108	19	90	10	52	5	8	0	1	1	3	1	1	0
sq11	6	7	112	103	29	3	18	2	2	3	1	3	130	121	52	4	2	4	2	13	1	0	71	24	11
sq12	4	2	3	3	0	59	96	26	37	59	44	135	23	18	35	40	8	12	5	5	5	10	6	2	10
sq13	3	6	4	1	1	40	121	44	31	70	29	78	11	24	16	47	10	5	1	0	2	5	1	0	1
sq14	8	3	120	35	32	3	2	3	0	0	1	0	91	48	57	4	0	1	0	32	1	1	67	14	21
sq15	3	5	4	0	1	37	110	32	42	69	28	79	18	24	10	39	8	7	3	0	2	4	0	0	0
sq16	0	0	9	16	0	0	0	0	0	0	0	0	4	19	0	0	0	0	12	59	13	12	188	69	32
sq17	0	0	0	0	0	0	0	0	0	0	0	0	0	0	5	0	0	0	4	54	11	1	269	20	35
sq18	6	0	54	27	21	0	12	2	0	16	0	0	24	73	35	4	1	0	0	14	4	0	83	6	10
sq19	19	6	78	19	20	0	3	7	0	1	0	2	47	45	43	0	3	1	4	17	2	2	37	6	6
sq20	6	4	4	11	3	0	20	7	0	3	0	0	21	75	68	3	0	3	0	17	4	3	0	1	0
sq21	17	11	0	0	0	9	8	6	7	10	2	59	22	20	47	6	2	2	0	0	0	3	0	0	0
sq22	1	0	26	5	8	1	1	2	0	4	0	3	13	1	12	2	0	2	0	0	0	0	61	13	6
sq23	1	0	2	3	2	3	5	15	7	17	5	22	2	0	1	7	5	2	4	3	11	13	0	2	1
sq24	0	0	38	13	3	1	5	0	0	2	0	0	17	24	13	0	0	0	0	0	0	1	0	0	0
sq25	0	0	29	16	3	0	0	0	0	0	0	1	3	0	10	0	0	0	0	0	1	0	26	13	0
sq26	0	0	0	0	0	0	0	0	0	0	0	0	0	81	0	0	0	0	0	5	0	0	0	0	3
sq27	0	4	7	0	0	0	0	0	0	0	0	0	0	53	0	0	0	0	0	0	0	0	0	0	0
sq28	0	0	13	0	0	0	14	0	1	0	0	0	0	23	0	0	0	0	1	2	0	0	0	8	1
sq29	0	0	0	0	0	0	0	0	0	0	0	0	1	2	0	0	0	0	0	17	1	1	24	9	7
sq30	2	0	0	0	0	2	1	4	0	0	0	0	0	32	0	0	0	0	0	1	1	0	0	0	11
sq31	0	3	7	7	0	0	0	0	0	2	0	0	21	0	10	0	0	0	0	0	1	0	0	1	1
sq32	0	0	0	0	0	0	0	0	0	0	0	0	0	0	0	0	0	0	1	9	0	0	29	9	4
sq33	8	1	0	1	0	0	0	0	0	1	0	0	3	0	11	0	0	0	0	0	0	0	17	2	0
sq34	0	1	19	8	5	0	0	0	0	0	0	1	0	10	0	0	0	0	0	0	0	0	0	0	0
sq35	2	0	0	0	0	0	4	2	0	0	2	0	0	0	8	0	2	0	0	0	0	0	18	1	1
sq36	0	0	0	0	0	0	0	0	0	0	0	0	0	0	0	0	0	0	0	15	1	1	11	8	2
sq37	0	0	4	0	0	0	0	0	1	0	0	0	0	0	0	0	0	0	0	0	0	0	32	0	0
sq38	0	0	0	0	0	0	0	0	0	0	0	0	16	0	17	0	0	0	0	0	0	0	3	0	0
sq39	0	0	0	0	0	0	1	0	0	0	0	0	0	0	0	0	0	0	0	0	0	0	32	0	0
sq40	0	0	0	0	1	0	10	0	0	0	0	2	0	10	0	0	0	0	0	6	1	0	0	0	2
sq41	0	0	20	0	0	0	0	0	0	0	0	0	0	0	0	0	0	0	0	1	0	0	3	7	1
sq42	2	0	4	1	0	0	0	0	0	0	0	0	2	1	15	0	0	0	0	2	0	0	1	0	0
sq43	0	0	2	0	0	0	0	0	0	0	0	0	0	5	21	0	0	0	0	0	0	0	0	0	0
sq44	0	0	0	0	0	0	6	0	0	0	0	0	0	0	20	0	0	0	0	0	0	0	2	0	0
sq45	0	0	0	0	0	0	12	0	0	0	0	0	0	0	14	0	0	0	0	0	0	0	0	0	0
sq46	0	0	0	0	0	1	0	4	0	0	0	0	0	19	0	0	0	1	0	0	0	0	0	0	0
sq47	0	0	0	0	0	0	0	0	0	0	0	0	0	23	0	0	0	0	0	0	0	0	0	0	2
sq48	0	0	0	0	0	0	0	0	0	0	0	0	0	24	0	0	0	0	0	0	0	0	0	0	0
sq49	2	0	0	0	0	0	0	0	0	0	0	0	0	0	0	0	1	0	0	0	0	0	21	0	0
sq50	10	0	12	0	0	0	0	0	0	0	0	0	0	0	0	0	1	1	0	0	0	0	0	0	0
sq51	0	0	0	0	0	0	0	0	0	0	0	0	0	0	23	0	0	0	0	0	0	0	0	0	0
sq52	0	0	0	0	0	0	0	0	0	0	0	0	0	0	0	0	0	0	3	5	1	0	13	0	0
sq53	0	0	0	0	0	0	0	0	0	0	0	0	21	0	0	0	0	0	0	0	0	0	0	0	0
sq54	0	0	0	0	0	0	0	0	0	0	0	0	21	0	0	0	0	0	0	0	0	0	0	0	0
sq55	0	0	0	6	0	0	0	0	0	0	0	0	0	0	0	0	0	0	0	0	0	0	9	5	0
sq56	0	0	0	0	1	0	0	0	0	0	0	0	0	0	0	0	0	0	0	1	0	0	15	2	0
sq57	0	0	0	0	0	0	0	0	0	0	0	0	0	19	0	0	0	0	0	0	0	0	0	0	0
sq58	0	0	0	0	0	0	0	0	0	0	0	0	0	18	0	0	0	0	0	0	0	0	0	0	0
sq59	0	0	5	0	0	0	0	0	0	0	0	0	2	0	0	0	0	0	0	2	0	0	2	6	0
sq60	0	0	0	0	0	1	0	0	1	0	1	5	0	0	0	0	0	2	1	0	0	5	1	0	0
sq61	0	0	0	0	0	0	0	0	0	0	0	0	0	1	15	0	0	0	0	0	0	0	0	0	0
sq62	0	0	0	0	0	0	0	1	0	0	0	0	0	15	0	0	0	0	0	0	0	0	0	0	0
sq63	0	0	1	0	0	0	0	0	0	0	0	0	0	14	0	0	0	0	0	0	0	0	0	0	1
sq64	0	0	0	0	0	0	0	0	0	0	0	0	0	0	0	0	0	0	0	0	0	0	16	0	0
sq65	0	0	0	0	0	0	16	0	0	0	0	0	0	0	0	0	0	0	0	0	0	0	0	0	0
sq66	0	0	2	0	0	0	0	0	0	0	0	0	0	14	0	0	0	0	0	0	0	0	0	0	0
sq67	0	0	0	0	0	0	0	0	0	0	0	0	0	0	8	0	0	0	0	0	0	0	0	7	0
sq68	0	0	0	0	0	0	0	0	0	0	0	0	0	0	15	0	0	0	0	0	0	0	0	0	0
sq69	0	0	0	0	0	0	0	0	0	0	0	0	0	0	0	0	0	0	0	0	0	3	4	2	6
sq70	0	0	0	0	0	1	0	0	0	0	0	0	0	0	0	1	0	0	0	13	0	0	0	0	0
sq71	0	0	0	0	0	0	0	0	0	0	0	0	0	11	0	3	0	0	0	0	1	0	0	0	0
sq72	0	0	0	0	0	0	0	0	0	1	0	0	3	0	0	0	0	0	0	0	0	0	11	0	0
sq73	0	0	0	0	0	0	0	0	0	0	0	0	0	0	0	0	0	0	0	0	0	0	14	0	0
sq74	0	0	0	0	0	0	0	0	0	0	0	0	0	14	0	0	0	0	0	0	0	0	0	0	0
sq75	0	0	14	0	0	0	0	0	0	0	0	0	0	0	0	0	0	0	0	0	0	0	0	0	0
sq76	4	0	10	0	0	0	0	0	0	0	0	0	0	0	0	0	0	0	0	0	0	0	0	0	0
sq77	0	0	10	3	0	0	0	0	0	0	0	0	0	0	0	0	0	0	0	0	0	0	0	0	0
sq78	0	0	0	0	0	0	0	0	0	0	0	0	0	0	0	0	0	0	0	0	0	0	0	0	13
sq79	0	0	0	0	0	0	0	0	0	0	0	0	0	12	0	0	0	0	0	0	0	0	0	0	0
sq80	0	0	0	0	0	0	0	0	0	0	0	0	0	12	0	0	0	0	0	0	0	0	0	0	0
sq81	0	0	0	0	0	0	0	0	0	0	0	0	0	0	12	0	0	0	0	0	0	0	0	0	0
sq82	0	0	0	0	0	0	0	0	0	0	0	0	0	0	12	0	0	0	0	0	0	0	0	0	0
sq83	0	0	0	0	0	0	0	0	0	0	0	0	0	0	12	0	0	0	0	0	0	0	0	0	0
sq84	0	0	0	0	0	0	0	0	0	0	0	0	0	0	0	0	0	0	0	5	1	0	5	0	0
sq85	0	0	0	0	1	0	2	0	0	5	0	0	0	0	0	0	0	0	0	0	0	0	3	0	0
sq86	0	0	0	11	0	0	0	0	0	0	0	0	0	0	0	0	0	0	0	0	0	0	0	0	0
sq87	0	0	0	0	0	0	0	0	0	0	0	0	0	6	0	0	0	0	0	1	4	0	0	0	0
sq88	0	0	0	0	0	0	0	0	0	0	0	0	11	0	0	0	0	0	0	0	0	0	0	0	0
sq89	0	0	0	0	0	0	0	0	0	0	0	0	0	11	0	0	0	0	0	0	0	0	0	0	0
sq90	0	0	0	0	4	0	0	0	0	0	0	0	0	1	0	0	0	0	0	6	0	0	0	0	0
sq91	0	0	0	0	0	0	0	0	0	0	0	0	0	0	11	0	0	0	0	0	0	0	0	0	0
sq92	0	0	0	0	0	0	0	0	0	0	0	0	0	0	10	0	0	0	0	0	0	0	0	0	0
sq93	0	10	0	0	0	0	0	0	0	0	0	0	0	0	0	0	0	0	0	0	0	0	0	0	0
sq94	0	0	0	0	0	0	10	0	0	0	0	0	0	0	0	0	0	0	0	0	0	0	0	0	0
sq95	0	0	0	0	0	0	0	0	0	0	0	0	10	0	0	0	0	0	0	0	0	0	0	0	0
sq96	0	0	0	0	0	0	0	0	0	0	0	0	0	0	0	0	0	0	0	0	0	0	10	0	0
sq97	0	0	9	0	0	0	0	0	0	0	0	0	0	0	0	0	0	0	0	0	0	0	0	0	0
sq98	0	0	3	0	0	0	0	0	0	0	0	0	2	0	0	0	0	0	0	3	0	0	0	0	1
sq99	0	0	0	1	0	0	0	0	0	0	0	0	0	0	0	0	0	0	0	0	0	0	5	3	0
sq100	0	0	0	0	0	0	0	0	0	0	0	0	1	8	0	0	0	0	0	0	0	0	0	0	0
sq101	0	0	0	0	0	0	0	0	0	0	0	0	0	5	0	0	0	0	0	1	0	0	0	0	3
sq102	0	0	8	0	0	0	0	0	0	0	0	0	1	0	0	0	0	0	0	0	0	0	0	0	0
sq103	0	0	0	0	0	0	0	0	0	0	0	0	0	3	5	0	0	0	0	0	0	0	0	0	0
sq104	0	0	0	0	0	0	0	0	0	0	0	0	0	0	3	0	0	0	0	0	0	0	5	0	0
sq105	0	0	0	0	0	0	0	0	0	0	0	0	0	0	0	0	0	0	0	2	0	0	4	2	0
sq106	0	0	0	8	0	0	0	0	0	0	0	0	0	0	0	0	0	0	0	0	0	0	0	0	0
sq107	0	0	0	0	0	0	0	0	0	0	0	0	0	8	0	0	0	0	0	0	0	0	0	0	0
sq108	0	0	0	0	0	0	0	0	0	0	0	0	8	0	0	0	0	0	0	0	0	0	0	0	0
sq109	0	0	0	0	0	0	0	0	0	0	0	0	0	0	8	0	0	0	0	0	0	0	0	0	0
sq110	0	0	0	7	0	0	0	0	0	0	0	0	0	0	0	0	0	0	0	0	0	0	0	0	0
sq111	0	0	0	0	0	0	7	0	0	0	0	0	0	0	0	0	0	0	0	0	0	0	0	0	0
sq112	0	0	0	0	0	0	0	0	0	0	0	0	7	0	0	0	0	0	0	0	0	0	0	0	0
sq113	0	0	0	0	0	0	0	0	0	0	0	0	0	7	0	0	0	0	0	0	0	0	0	0	0
sq114	0	0	0	0	0	0	0	0	0	0	0	0	0	0	0	0	0	0	0	0	0	0	7	0	0
sq115	0	0	7	0	0	0	0	0	0	0	0	0	0	0	0	0	0	0	0	0	0	0	0	0	0
sq116	0	0	0	2	0	0	0	0	0	0	0	0	0	0	0	0	0	0	0	0	0	0	0	5	0
sq117	0	0	0	0	0	0	0	0	0	0	0	0	0	7	0	0	0	0	0	0	0	0	0	0	0
sq118	0	0	0	0	0	0	0	0	0	0	0	0	0	7	0	0	0	0	0	0	0	0	0	0	0
sq119	0	0	0	0	0	0	0	0	0	0	0	0	0	0	0	0	0	0	0	0	0	0	7	0	0
sq120	0	0	0	0	0	0	0	0	0	0	0	0	0	0	0	0	0	0	0	0	0	0	0	7	0
sq121	0	0	7	0	0	0	0	0	0	0	0	0	0	0	0	0	0	0	0	0	0	0	0	0	0
sq122	0	0	7	0	0	0	0	0	0	0	0	0	0	0	0	0	0	0	0	0	0	0	0	0	0
sq123	0	0	0	0	0	0	0	0	0	0	0	0	0	0	7	0	0	0	0	0	0	0	0	0	0
sq124	0	0	0	0	0	0	0	0	0	0	0	0	0	0	4	0	0	0	0	0	0	0	3	0	0
sq125	0	0	1	0	0	0	0	0	0	0	0	0	0	0	0	0	0	0	1	0	0	0	0	0	4
sq126	6	0	0	0	0	0	0	0	0	0	0	0	0	0	0	0	0	0	0	0	0	0	0	0	0
sq127	0	0	6	0	0	0	0	0	0	0	0	0	0	0	0	0	0	0	0	0	0	0	0	0	0
sq128	0	0	0	0	0	0	6	0	0	0	0	0	0	0	0	0	0	0	0	0	0	0	0	0	0
sq129	0	0	0	0	0	0	0	0	0	0	0	0	6	0	0	0	0	0	0	0	0	0	0	0	0
sq130	0	0	6	0	0	0	0	0	0	0	0	0	0	0	0	0	0	0	0	0	0	0	0	0	0
sq131	0	0	0	0	0	0	0	0	0	6	0	0	0	0	0	0	0	0	0	0	0	0	0	0	0
sq132	0	0	0	0	0	0	6	0	0	0	0	0	0	0	0	0	0	0	0	0	0	0	0	0	0
sq133	0	1	5	0	0	0	0	0	0	0	0	0	0	0	0	0	0	0	0	0	0	0	0	0	0
sq134	0	0	2	0	0	0	0	0	0	0	0	0	0	0	0	0	0	0	0	4	0	0	0	0	0
sq135	0	0	0	0	0	0	0	0	0	0	0	0	6	0	0	0	0	0	0	0	0	0	0	0	0
sq136	0	0	0	0	0	0	0	0	0	0	0	0	0	0	3	0	0	0	0	0	0	0	3	0	0
sq137	0	0	0	0	0	0	0	0	0	0	0	0	0	0	5	0	0	0	0	0	0	0	0	0	0
sq138	0	0	0	5	0	0	0	0	0	0	0	0	0	0	0	0	0	0	0	0	0	0	0	0	0
sq139	0	0	0	0	0	0	5	0	0	0	0	0	0	0	0	0	0	0	0	0	0	0	0	0	0
sq140	0	0	0	0	0	0	5	0	0	0	0	0	0	0	0	0	0	0	0	0	0	0	0	0	0
sq141	0	0	0	0	0	0	0	0	5	0	0	0	0	0	0	0	0	0	0	0	0	0	0	0	0
sq142	0	5	0	0	0	0	0	0	0	0	0	0	0	0	0	0	0	0	0	0	0	0	0	0	0
sq143	5	0	0	0	0	0	0	0	0	0	0	0	0	0	0	0	0	0	0	0	0	0	0	0	0
sq144	0	3	0	0	0	0	2	0	0	0	0	0	0	0	0	0	0	0	0	0	0	0	0	0	0
sq145	0	0	0	0	0	0	5	0	0	0	0	0	0	0	0	0	0	0	0	0	0	0	0	0	0
sq146	0	0	0	0	0	0	0	0	0	0	0	0	5	0	0	0	0	0	0	0	0	0	0	0	0
sq147	0	0	0	0	0	0	0	0	0	0	0	0	5	0	0	0	0	0	0	0	0	0	0	0	0
sq148	0	0	0	0	0	0	0	0	0	0	0	0	0	0	5	0	0	0	0	0	0	0	0	0	0
sq149	0	0	0	0	0	0	0	0	0	0	0	0	0	0	0	0	0	0	0	0	0	0	0	5	0
sq150	0	0	2	0	0	0	0	0	0	0	0	0	0	0	0	0	0	0	0	0	0	0	2	0	0
sq151	0	0	4	0	0	0	0	0	0	0	0	0	0	0	0	0	0	0	0	0	0	0	0	0	0
sq152	0	0	0	4	0	0	0	0	0	0	0	0	0	0	0	0	0	0	0	0	0	0	0	0	0
sq153	0	0	0	0	0	0	0	4	0	0	0	0	0	0	0	0	0	0	0	0	0	0	0	0	0
sq154	0	0	0	0	0	0	0	0	0	0	0	0	0	4	0	0	0	0	0	0	0	0	0	0	0
sq155	0	0	0	0	0	0	0	0	0	0	0	0	0	0	4	0	0	0	0	0	0	0	0	0	0
sq156	0	0	0	0	0	0	0	0	0	0	0	0	0	0	4	0	0	0	0	0	0	0	0	0	0
sq157	0	0	0	0	0	0	0	0	0	0	0	0	0	0	0	0	0	0	0	0	0	0	4	0	0
sq158	0	0	0	4	0	0	0	0	0	0	0	0	0	0	0	0	0	0	0	0	0	0	0	0	0
sq159	0	0	0	0	1	0	0	0	3	0	0	0	0	0	0	0	0	0	0	0	0	0	0	0	0
sq160	0	0	0	0	0	0	0	0	0	0	0	0	0	0	4	0	0	0	0	0	0	0	0	0	0
sq161	0	0	0	0	0	0	0	0	0	0	0	0	0	0	4	0	0	0	0	0	0	0	0	0	0
sq162	0	0	0	0	0	0	0	0	0	0	0	0	0	0	0	0	0	0	0	0	0	0	2	2	0
sq163	0	0	0	0	0	0	0	0	0	0	0	0	0	0	0	0	0	0	0	0	0	0	2	2	0
sq164	0	0	0	0	0	0	0	0	0	0	0	0	0	0	2	0	0	0	0	0	0	0	1	0	0
sq165	3	0	0	0	0	0	0	0	0	0	0	0	0	0	0	0	0	0	0	0	0	0	0	0	0
sq166	3	0	0	0	0	0	0	0	0	0	0	0	0	0	0	0	0	0	0	0	0	0	0	0	0
sq167	0	0	0	3	0	0	0	0	0	0	0	0	0	0	0	0	0	0	0	0	0	0	0	0	0
sq168	0	0	0	0	0	0	3	0	0	0	0	0	0	0	0	0	0	0	0	0	0	0	0	0	0
sq169	0	0	0	0	0	0	3	0	0	0	0	0	0	0	0	0	0	0	0	0	0	0	0	0	0
sq170	0	0	0	0	0	0	3	0	0	0	0	0	0	0	0	0	0	0	0	0	0	0	0	0	0
sq171	0	0	0	0	0	0	0	0	0	0	0	0	3	0	0	0	0	0	0	0	0	0	0	0	0
sq172	0	0	0	0	0	0	0	0	0	0	0	0	3	0	0	0	0	0	0	0	0	0	0	0	0
sq173	0	0	0	0	0	0	0	0	0	0	0	0	0	0	0	0	0	0	0	0	3	0	0	0	0
sq174	0	0	0	0	0	0	0	0	0	0	0	0	0	0	0	0	0	0	0	0	3	0	0	0	0
sq175	0	0	0	0	3	0	0	0	0	0	0	0	0	0	0	0	0	0	0	0	0	0	0	0	0
sq176	0	0	0	0	0	0	0	0	0	0	0	0	0	0	3	0	0	0	0	0	0	0	0	0	0
sq177	0	0	0	0	0	0	0	0	0	0	0	0	0	0	0	0	0	0	0	3	0	0	0	0	0
sq178	0	0	0	0	0	0	0	0	0	0	0	0	0	0	0	0	0	0	0	0	3	0	0	0	0
sq179	0	0	0	0	0	0	0	0	0	0	0	0	0	0	0	0	0	0	0	0	0	0	0	0	3
sq180	0	0	0	0	0	0	0	0	0	0	0	0	0	3	0	0	0	0	0	0	0	0	0	0	0
sq181	0	0	0	0	0	0	0	0	0	0	0	0	0	0	0	0	0	0	0	0	0	0	3	0	0
sq182	0	0	0	0	0	0	0	0	0	0	0	0	0	0	0	0	0	0	0	3	0	0	0	0	0
sq183	0	0	0	0	0	0	0	0	0	0	0	0	0	0	2	0	0	0	0	0	0	0	0	0	0
sq184	0	0	2	0	0	0	0	0	0	0	0	0	0	0	0	0	0	0	0	0	0	0	0	0	0
sq185	0	0	0	0	2	0	0	0	0	0	0	0	0	0	0	0	0	0	0	0	0	0	0	0	0
sq186	0	0	0	0	2	0	0	0	0	0	0	0	0	0	0	0	0	0	0	0	0	0	0	0	0
sq187	0	0	0	0	0	0	2	0	0	0	0	0	0	0	0	0	0	0	0	0	0	0	0	0	0
sq188	0	0	0	0	0	0	0	2	0	0	0	0	0	0	0	0	0	0	0	0	0	0	0	0	0
sq189	0	0	0	0	0	0	0	0	0	0	0	0	0	2	0	0	0	0	0	0	0	0	0	0	0
sq190	0	0	0	0	0	0	0	0	0	0	0	0	0	0	2	0	0	0	0	0	0	0	0	0	0
sq191	0	0	0	0	0	0	0	0	0	0	0	0	0	0	0	0	0	0	0	0	0	2	0	0	0
sq192	2	0	0	0	0	0	0	0	0	0	0	0	0	0	0	0	0	0	0	0	0	0	0	0	0
sq193	0	0	0	0	2	0	0	0	0	0	0	0	0	0	0	0	0	0	0	0	0	0	0	0	0
sq194	0	0	0	0	2	0	0	0	0	0	0	0	0	0	0	0	0	0	0	0	0	0	0	0	0
sq195	0	0	0	0	0	0	2	0	0	0	0	0	0	0	0	0	0	0	0	0	0	0	0	0	0
sq196	0	0	0	0	0	0	0	0	0	2	0	0	0	0	0	0	0	0	0	0	0	0	0	0	0
sq197	0	0	0	0	0	0	0	0	0	0	0	0	2	0	0	0	0	0	0	0	0	0	0	0	0
sq198	0	0	0	0	0	0	0	0	0	0	0	0	0	2	0	0	0	0	0	0	0	0	0	0	0
sq199	2	0	0	0	0	0	0	0	0	0	0	0	0	0	0	0	0	0	0	0	0	0	0	0	0
sq200	0	0	0	0	0	0	2	0	0	0	0	0	0	0	0	0	0	0	0	0	0	0	0	0	0
sq201	0	0	0	0	0	0	0	0	0	2	0	0	0	0	0	0	0	0	0	0	0	0	0	0	0
sq202	0	0	0	0	0	0	0	0	0	0	0	0	2	0	0	0	0	0	0	0	0	0	0	0	0
